0 0.6734375 0.61015625 0.040625 0.08125
0 0.77890625 0.6203125 0.015625 0.03125
0 0.8046875 0.55390625 0.0140625 0.028125
0 0.6046875 0.64765625 0.04375 0.08125
0 0.56015625 0.6109375 0.0375 0.075
0 0.49765625 0.58984375 0.03125 0.078125
0 0.44609375 0.62109375 0.025 0.05625
0 0.40859375 0.61171875 0.03125 0.065625
0 0.4296875 0.53671875 0.0125 0.028125
0 0.278125 0.62578125 0.028125 0.065625
0 0.2203125 0.6359375 0.025 0.053125
0 0.03203125 0.7046875 0.0265625 0.04375
0 0.11953125 0.603125 0.009375 0.03125
0 0.14140625 0.61328125 0.0109375 0.0265625
0 0.16796875 0.6140625 0.0125 0.028125
0 0.053125 0.6015625 0.0109375 0.03125