0 0.70625 0.71796875 0.0484375 0.0921875
0 0.6578125 0.709375 0.034375 0.078125
0 0.6421875 0.8046875 0.0703125 0.146875
0 0.58203125 0.75078125 0.0328125 0.0671875
0 0.51015625 0.753125 0.0203125 0.0515625
0 0.4875 0.7421875 0.03125 0.059375
0 0.40390625 0.73359375 0.025 0.0546875
0 0.3109375 0.796875 0.0671875 0.1453125
0 0.14453125 0.6890625 0.025 0.0484375
0 0.1796875 0.8125 0.109375 0.2578125
0 0.234375 0.69296875 0.025 0.034375
0 0.909375 0.834375 0.1328125 0.2421875
0 0.7875 0.74765625 0.0171875 0.0375