0 0.6578125 0.65078125 0.0484375 0.096875
0 0.73125 0.7 0.0484375 0.090625
0 0.79765625 0.6703125 0.05 0.06875
0 0.8078125 0.746875 0.0609375 0.1046875
0 0.8875 0.73046875 0.0578125 0.1078125
0 0.91015625 0.66171875 0.053125 0.09375
0 0.97109375 0.653125 0.0203125 0.034375
0 0.990625 0.64765625 0.01875 0.0390625
0 0.92265625 0.56796875 0.0171875 0.03125
0 0.821875 0.5875 0.0203125 0.0296875
0 0.7828125 0.5734375 0.01875 0.0328125
0 0.42578125 0.75078125 0.05 0.096875
0 0.47421875 0.6953125 0.040625 0.0734375
0 0.53046875 0.68515625 0.0359375 0.05
0 0.35 0.728125 0.059375 0.1171875
0 0.38203125 0.66640625 0.025 0.0453125
0 0.4125 0.6109375 0.0203125 0.0359375
0 0.20625 0.60703125 0.025 0.0359375
0 0.1453125 0.62421875 0.015625 0.0265625
0 0.06640625 0.71953125 0.028125 0.0453125
0 0.11328125 0.71171875 0.025 0.046875
0 0.10546875 0.7703125 0.0546875 0.0890625
0 0.1625 0.69609375 0.021875 0.034375
0 0.2375 0.7578125 0.021875 0.0375
0 0.2015625 0.73359375 0.034375 0.0671875
0 0.1734375 0.77265625 0.040625 0.0703125
0 0.14296875 0.62578125 0.015625 0.025
0 0.27265625 0.7 0.0234375 0.040625
0 0.58203125 0.58203125 0.0203125 0.0328125
0 0.38828125 0.70078125 0.028125 0.0453125