0 0.06484375 0.46953125 0.025 0.05390625
0 0.36328125 0.6390625 0.03046875 0.06484375
0 0.55078125 0.62890625 0.0375 0.07578125
0 0.60234375 0.6625 0.0296875 0.07578125
0 0.63671875 0.64296875 0.0234375 0.04453125
0 0.7796875 0.64453125 0.03828125 0.07890625
0 0.80546875 0.57578125 0.02265625 0.04296875
0 0.8953125 0.621875 0.03359375 0.06796875
0 0.98671875 0.659375 0.0265625 0.07890625
0 0.68125 0.634375 0.02578125 0.04921875
0 0.51640625 0.64921875 0.0109375 0.0234375
0 0.43671875 0.615625 0.03828125 0.07109375
0 0.4625 0.58359375 0.034375 0.07421875
0 0.8921875 0.559375 0.034375 0.06015625