0 0.871875 0.3875 0.2171875 0.353125
0 0.521875 0.40546875 0.046875 0.0765625
0 0.5765625 0.43359375 0.028125 0.0484375
0 0.55078125 0.41953125 0.0328125 0.0484375
0 0.33984375 0.53984375 0.03125 0.05
0 0.39140625 0.5359375 0.0296875 0.0484375
0 0.4046875 0.51015625 0.01875 0.028125
0 0.4203125 0.51328125 0.015625 0.0234375
0 0.21171875 0.5953125 0.0375 0.05625
0 0.05078125 0.59140625 0.0375 0.05625
0 0.309375 0.55546875 0.0203125 0.03125
0 0.60390625 0.453125 0.0328125 0.05
1 0.3203125 0.88984375 0.0671875 0.0890625