0 0.7140625 0.7109375 0.04453125 0.09140625
0 0.66484375 0.70390625 0.03203125 0.07734375
0 0.65234375 0.79921875 0.06484375 0.1453125
0 0.590625 0.74765625 0.03046875 0.06640625
0 0.51875 0.75234375 0.01796875 0.05078125
0 0.49609375 0.7421875 0.02890625 0.05859375
0 0.4125 0.73671875 0.0234375 0.05390625
0 0.32109375 0.803125 0.0625 0.14375
0 0.1515625 0.7015625 0.0234375 0.04765625
0 0.190625 0.8234375 0.1 0.2546875
0 0.24140625 0.70234375 0.0234375 0.03359375
0 0.92109375 0.81953125 0.12421875 0.2375
0 0.79609375 0.7375 0.01640625 0.03671875