0 0.12109375 0.54375 0.025 0.0515625
0 0.340625 0.64609375 0.03125 0.05625
0 0.575 0.63671875 0.0203125 0.04375
0 0.50546875 0.6296875 0.0265625 0.05
0 0.525 0.6328125 0.0171875 0.0390625
0 0.84765625 0.62578125 0.04375 0.0859375
0 0.9296875 0.63359375 0.04375 0.0671875
0 0.9734375 0.54765625 0.0140625 0.025
0 0.81796875 0.6390625 0.0265625 0.0609375
0 0.771875 0.5640625 0.028125 0.0484375
0 0.753125 0.621875 0.0359375 0.05625
0 0.39609375 0.6171875 0.0328125 0.0671875
0 0.453125 0.58359375 0.034375 0.0734375
0 0.69375 0.625 0.034375 0.059375
0 0.7203125 0.575 0.0234375 0.0375