0 0.3703125 0.89453125 0.05625 0.10625
0 0.26953125 0.8640625 0.025 0.0625
0 0.13359375 0.8625 0.0203125 0.046875
0 0.0953125 0.871875 0.021875 0.05
0 0.0671875 0.7640625 0.021875 0.04375
0 0.03828125 0.84921875 0.04375 0.08125
0 0.009375 0.87578125 0.01875 0.05625
0 0.76015625 0.86796875 0.0296875 0.053125
0 0.7046875 0.89765625 0.025 0.053125
0 0.66640625 0.93984375 0.03125 0.05
0 0.54921875 0.9 0.028125 0.065625
0 0.50546875 0.92421875 0.03125 0.075
0 0.87734375 0.9265625 0.0359375 0.078125
0 0.7796875 0.940625 0.040625 0.071875