0 0.6328125 0.6734375 0.04375 0.0953125
0 0.69765625 0.734375 0.04375 0.0890625
0 0.7671875 0.71484375 0.046875 0.0671875
0 0.765625 0.79140625 0.0546875 0.103125
0 0.84609375 0.78828125 0.053125 0.10625
0 0.8796875 0.72421875 0.0484375 0.0921875
0 0.94140625 0.725 0.01875 0.0328125
0 0.96484375 0.72421875 0.0234375 0.0375
0 0.90703125 0.6328125 0.015625 0.0296875
0 0.80390625 0.63671875 0.01875 0.0296875
0 0.76796875 0.61640625 0.0171875 0.0328125
0 0.3875 0.7359375 0.0453125 0.0953125
0 0.44375 0.6890625 0.0359375 0.0734375
0 0.50078125 0.6875 0.0328125 0.0484375
0 0.31640625 0.7015625 0.0546875 0.115625
0 0.3578125 0.64609375 0.021875 0.04375
0 0.39609375 0.59609375 0.01875 0.034375
0 0.19296875 0.56015625 0.0234375 0.034375
0 0.13046875 0.5671875 0.0140625 0.025
0 0.0375 0.6484375 0.025 0.04375
0 0.084375 0.6484375 0.0234375 0.0453125
0 0.06875 0.7046875 0.05 0.0875
0 0.1359375 0.640625 0.0203125 0.0328125
0 0.2 0.71328125 0.0203125 0.0359375
0 0.16875 0.68359375 0.03125 0.065625
0 0.13515625 0.71796875 0.0375 0.06875
0 0.128125 0.56796875 0.0140625 0.0234375
0 0.24453125 0.66171875 0.021875 0.0390625
0 0.56796875 0.59375 0.01875 0.0328125
0 0.35859375 0.68125 0.0265625 0.04375