0 0.628125 0.6515625 0.0234375 0.0421875
0 0.52265625 0.63046875 0.0125 0.021875
0 0.46953125 0.634375 0.015625 0.0265625
0 0.571875 0.68046875 0.01875 0.034375
0 0.66875 0.87265625 0.0265625 0.0484375
0 0.7453125 0.6671875 0.028125 0.0484375
0 0.71640625 0.659375 0.0328125 0.065625
0 0.9234375 0.62421875 0.0359375 0.0609375
0 0.98984375 0.66953125 0.0203125 0.0671875
0 0.4375 0.69921875 0.0296875 0.0546875
0 0.21796875 0.76015625 0.053125 0.090625
0 0.38671875 0.64609375 0.0125 0.0234375
0 0.51171875 0.6828125 0.0203125 0.0375
0 0.5078125 0.64296875 0.0125 0.01875
0 0.4734375 0.68984375 0.0203125 0.0296875
0 0.346875 0.71328125 0.01875 0.0328125
0 0.81953125 0.640625 0.0515625 0.090625