0 0.8 0.50078125 0.03671875 0.09375
0 0.9796875 0.56640625 0.03984375 0.0859375
0 0.76328125 0.525 0.0421875 0.08046875
0 0.43046875 0.5484375 0.028125 0.05703125
0 0.31015625 0.5609375 0.0234375 0.05078125
0 0.32734375 0.54453125 0.01640625 0.03671875
0 0.35234375 0.53671875 0.0171875 0.03359375
0 0.33359375 0.59921875 0.0140625 0.04453125
0 0.246875 0.55625 0.02421875 0.04765625
0 0.1734375 0.553125 0.0234375 0.05078125
0 0.190625 0.55546875 0.0171875 0.03125
0 0.20859375 0.53359375 0.01484375 0.03671875
0 0.14296875 0.5578125 0.01796875 0.03828125
0 0.0875 0.553125 0.01640625 0.03203125
0 0.059375 0.55625 0.01796875 0.0296875