0 0.1921875 0.7109375 0.0875 0.1359375
0 0.39140625 0.8390625 0.040625 0.0703125
0 0.3453125 0.84921875 0.034375 0.059375
0 0.328125 0.85078125 0.028125 0.04375
0 0.2921875 0.8484375 0.034375 0.05625
0 0.56953125 0.80859375 0.0265625 0.0453125
0 0.58125 0.8046875 0.0265625 0.0375
0 0.659375 0.78671875 0.0390625 0.065625
0 0.71015625 0.75234375 0.0265625 0.0421875
0 0.82109375 0.71484375 0.0328125 0.04375
0 0.790625 0.69296875 0.0234375 0.040625
0 0.84453125 0.71484375 0.021875 0.0359375
0 0.98203125 0.69140625 0.0359375 0.0703125
0 0.9640625 0.71171875 0.0484375 0.0703125
0 0.92890625 0.7484375 0.03125 0.046875
0 0.09375 0.83671875 0.03125 0.05
0 0.50625 0.8125 0.028125 0.0421875
0 0.62421875 0.78359375 0.0265625 0.0453125