0 0.1578125 0.6484375 0.0640625 0.1265625
0 0.32890625 0.8125 0.02890625 0.06640625
0 0.28125 0.81328125 0.02421875 0.05546875
0 0.2640625 0.81171875 0.0203125 0.03984375
0 0.2296875 0.80234375 0.025 0.05234375
0 0.509375 0.81640625 0.01796875 0.04296875
0 0.521875 0.81484375 0.0203125 0.03359375
0 0.6015625 0.81171875 0.028125 0.06171875
0 0.6578125 0.7875 0.0203125 0.03828125
0 0.77421875 0.771875 0.025 0.03984375
0 0.7484375 0.74453125 0.0171875 0.03828125
0 0.796875 0.7765625 0.015625 0.03359375
0 0.94296875 0.78203125 0.0359375 0.06484375
0 0.91484375 0.79609375 0.03671875 0.06484375
0 0.8734375 0.82578125 0.0234375 0.04296875
0 0.03671875 0.753125 0.0234375 0.04609375
0 0.446875 0.8078125 0.021875 0.03828125
0 0.56796875 0.80234375 0.01875 0.04296875