0 0.89453125 0.74453125 0.1296875 0.15625
0 0.50546875 0.83671875 0.0796875 0.1125
0 0.06875 0.725 0.1078125 0.1625
0 0.146875 0.6515625 0.0375 0.065625
0 0.38671875 0.709375 0.034375 0.0640625
0 0.42421875 0.68515625 0.0625 0.1
0 0.55703125 0.8171875 0.059375 0.1015625
0 0.56640625 0.74921875 0.0359375 0.0453125
0 0.6609375 0.728125 0.04375 0.075
0 0.221875 0.82890625 0.10625 0.16875
0 0.7296875 0.80234375 0.0296875 0.0515625
0 0.7546875 0.796875 0.0328125 0.0546875
0 0.79921875 0.7859375 0.0265625 0.040625