0 0.665625 0.88984375 0.034375 0.07578125
0 0.925 0.8875 0.0375 0.07109375
0 0.99140625 0.94453125 0.0171875 0.08671875
0 0.8765625 0.8640625 0.0140625 0.025
0 0.6125 0.93203125 0.03671875 0.09296875
0 0.57265625 0.91171875 0.04375 0.1046875
0 0.5234375 0.9234375 0.05234375 0.1
0 0.41015625 0.9109375 0.03203125 0.06953125
0 0.2359375 0.9328125 0.04140625 0.09140625
0 0.271875 0.86640625 0.01796875 0.04765625
0 0.31484375 0.85390625 0.01484375 0.03828125
0 0.35703125 0.82734375 0.01875 0.04296875
0 0.28515625 0.7703125 0.01484375 0.025
0 0.1265625 0.903125 0.0265625 0.05859375
0 0.10078125 0.8390625 0.01796875 0.03515625
0 0.04921875 0.88515625 0.0234375 0.04453125
0 0.0453125 0.75546875 0.015625 0.03515625
0 0.52421875 0.78125 0.01328125 0.028125
0 0.54609375 0.79140625 0.0109375 0.025
0 0.99296875 0.78125 0.0140625 0.03125
0 0.57578125 0.765625 0.01484375 0.028125
0 0.32890625 0.84765625 0.02578125 0.04765625