0 0.7359375 0.6515625 0.06875 0.121875
0 0.95546875 0.60390625 0.0890625 0.1765625
0 0.8828125 0.48828125 0.05625 0.09375
0 0.65234375 0.6078125 0.03125 0.0640625
0 0.62421875 0.61640625 0.0265625 0.046875
0 0.59765625 0.625 0.034375 0.0578125
0 0.5734375 0.61640625 0.025 0.0390625
0 0.5625 0.67265625 0.0328125 0.065625
0 0.5296875 0.65 0.03125 0.05625
0 0.484375 0.67578125 0.03125 0.053125
0 0.4609375 0.65546875 0.0265625 0.046875
0 0.4203125 0.665625 0.05 0.0859375
0 0.35 0.65625 0.053125 0.0859375