0 0.80390625 0.7984375 0.1625 0.31640625
0 0.9203125 0.61015625 0.04375 0.06953125
0 0.72109375 0.58359375 0.025 0.03671875
0 0.66484375 0.590625 0.01875 0.04453125
0 0.65390625 0.6125 0.02890625 0.05234375
0 0.621875 0.58125 0.01875 0.04453125
0 0.68046875 0.52734375 0.01328125 0.0265625
0 0.95 0.51484375 0.0140625 0.0265625
0 0.98203125 0.51171875 0.0234375 0.03203125
0 0.5953125 0.615625 0.02421875 0.04609375
0 0.52265625 0.60078125 0.0125 0.03515625
0 0.11328125 0.590625 0.01640625 0.03203125
0 0.0234375 0.59296875 0.0171875 0.03671875