0 0.8 0.490625 0.040625 0.0953125
0 0.98046875 0.55 0.0390625 0.0875
0 0.7640625 0.515625 0.0453125 0.08125
0 0.43203125 0.55078125 0.0296875 0.0578125
0 0.3125 0.5671875 0.025 0.0515625
0 0.32890625 0.55078125 0.0171875 0.0375
0 0.35390625 0.5421875 0.01875 0.034375
0 0.3375 0.6046875 0.015625 0.0453125
0 0.24921875 0.56484375 0.0265625 0.0484375
0 0.17578125 0.56484375 0.025 0.0515625
0 0.19296875 0.56640625 0.01875 0.03125
0 0.21015625 0.54375 0.015625 0.0375
0 0.1453125 0.5703125 0.01875 0.0390625
0 0.08984375 0.5671875 0.0171875 0.0328125
0 0.06171875 0.571875 0.01875 0.0296875