0 0.13984375 0.63515625 0.028125 0.0421875
0 0.31171875 0.671875 0.034375 0.05625
0 0.45078125 0.59921875 0.040625 0.06875
0 0.67265625 0.55 0.0328125 0.040625
0 0.621875 0.61171875 0.0296875 0.0515625
0 0.64921875 0.60078125 0.0296875 0.0515625
0 0.69453125 0.6125 0.0296875 0.0484375
0 0.71796875 0.60390625 0.0390625 0.0625
0 0.76171875 0.60234375 0.0375 0.0640625
0 0.815625 0.63828125 0.0359375 0.04375
0 0.96796875 0.4921875 0.0390625 0.0578125
0 0.9640625 0.56328125 0.0171875 0.03125
0 0.9453125 0.55859375 0.01875 0.0328125
0 0.78984375 0.58046875 0.01875 0.0296875
0 0.80859375 0.5875 0.0171875 0.025
0 0.81484375 0.56875 0.01875 0.0265625