0 0.85546875 0.73515625 0.2203125 0.3421875
0 0.93359375 0.528125 0.05625 0.0765625
0 0.7328125 0.53984375 0.03125 0.040625
0 0.67890625 0.5578125 0.0265625 0.046875
0 0.67265625 0.58125 0.0390625 0.05625
0 0.63515625 0.55625 0.0265625 0.046875
0 0.68203125 0.4921875 0.01875 0.028125
0 0.94453125 0.42890625 0.01875 0.028125
0 0.97578125 0.41953125 0.0296875 0.0359375
0 0.615625 0.5953125 0.0328125 0.05
0 0.54140625 0.59453125 0.01875 0.0375
0 0.1375 0.6625 0.021875 0.034375
0 0.05 0.68203125 0.0234375 0.0390625