0 0.13046875 0.85546875 0.025 0.0609375
0 0.0828125 0.8609375 0.0234375 0.0453125
0 0.06953125 0.8609375 0.0234375 0.046875
0 0.03671875 0.85546875 0.0265625 0.0390625
0 0.009375 0.853125 0.01875 0.0375
0 0.1140625 0.86796875 0.025 0.05
0 0.40078125 0.8765625 0.028125 0.05625
0 0.34375 0.87578125 0.01875 0.0359375
0 0.25390625 0.86015625 0.0171875 0.0296875
0 0.2765625 0.86640625 0.01875 0.0328125
0 0.68203125 0.865625 0.03125 0.0546875
0 0.79375 0.77109375 0.01875 0.0390625
0 0.93125 0.90234375 0.034375 0.0578125
0 0.96484375 0.90625 0.0328125 0.0640625
0 0.87890625 0.88359375 0.05 0.08125
0 0.79921875 0.878125 0.0328125 0.0515625
0 0.75859375 0.88046875 0.03125 0.0515625
0 0.73125 0.88203125 0.040625 0.05625
0 0.6078125 0.8546875 0.0234375 0.04375