0 0.88828125 0.48046875 0.1421875 0.32890625
0 0.54453125 0.41328125 0.03046875 0.07109375
0 0.590625 0.45390625 0.0171875 0.04609375
0 0.56875 0.434375 0.0234375 0.04453125
0 0.33515625 0.5 0.0203125 0.04609375
0 0.3859375 0.50859375 0.01875 0.04453125
0 0.4046875 0.48671875 0.0125 0.0265625
0 0.41953125 0.49375 0.01015625 0.021875
0 0.196875 0.52265625 0.0265625 0.05078125
0 0.0421875 0.4796875 0.025 0.05234375
0 0.3015625 0.5078125 0.0140625 0.028125
0 0.6125 0.4796875 0.02265625 0.04609375
1 0.23125 0.834375 0.05 0.07890625