0 0.5625 0.84921875 0.015625 0.0234375
0 0.51328125 0.8546875 0.015625 0.0265625
0 0.52890625 0.87265625 0.0125 0.0265625
0 0.74765625 0.84453125 0.0203125 0.028125
0 0.65546875 0.83671875 0.0203125 0.0328125
0 0.8453125 0.88515625 0.034375 0.06875
0 0.79765625 0.96328125 0.01875 0.0265625
0 0.746875 0.9671875 0.01875 0.028125
0 0.67890625 0.93828125 0.034375 0.0671875
0 0.63671875 0.9140625 0.0375 0.0609375
0 0.6203125 0.95703125 0.028125 0.046875
0 0.60703125 0.92421875 0.021875 0.04375
0 0.59140625 0.95390625 0.034375 0.0640625
0 0.53203125 0.95859375 0.025 0.05625
0 0.4515625 0.95703125 0.025 0.0484375
0 0.4671875 0.9625 0.0234375 0.034375
0 0.41484375 0.95078125 0.025 0.0484375
0 0.37421875 0.9421875 0.0203125 0.0359375
0 0.25546875 0.9671875 0.021875 0.0390625
0 0.159375 0.98671875 0.025 0.0265625
0 0.99140625 0.83984375 0.0171875 0.0421875
0 0.89375 0.82578125 0.021875 0.0453125