0 0.45390625 0.6 0.0265625 0.0484375
0 0.4703125 0.5984375 0.034375 0.0546875
0 0.50546875 0.58984375 0.040625 0.065625
0 0.4765625 0.63671875 0.05 0.078125
0 0.5484375 0.615625 0.040625 0.0640625
0 0.5640625 0.6484375 0.05625 0.0859375
0 0.63828125 0.63359375 0.0484375 0.078125
0 0.68203125 0.67421875 0.0453125 0.0625
0 0.0671875 0.53671875 0.028125 0.040625
0 0.23671875 0.54296875 0.0140625 0.021875
0 0.246875 0.54453125 0.01875 0.025
0 0.8609375 0.59921875 0.0296875 0.04375
0 0.80546875 0.590625 0.0234375 0.0328125
0 0.50546875 0.5328125 0.021875 0.0328125
0 0.140625 0.59765625 0.0234375 0.034375
0 0.38046875 0.60390625 0.0390625 0.0625
0 0.3328125 0.571875 0.03125 0.046875
0 0.2921875 0.57421875 0.028125 0.04375
0 0.60703125 0.60546875 0.0234375 0.0359375