0 0.709375 0.68671875 0.0625 0.1203125
0 0.9390625 0.67578125 0.0921875 0.171875
0 0.8796875 0.5484375 0.0515625 0.0921875
0 0.6328125 0.63046875 0.028125 0.0625
0 0.6046875 0.634375 0.025 0.0453125
0 0.57734375 0.63828125 0.03125 0.05625
0 0.5546875 0.6265625 0.0234375 0.0375
0 0.534375 0.68046875 0.0296875 0.0640625
0 0.50625 0.653125 0.028125 0.0546875
0 0.45703125 0.67109375 0.028125 0.0515625
0 0.43671875 0.64765625 0.025 0.0453125
0 0.3953125 0.65078125 0.0453125 0.084375
0 0.32734375 0.63125 0.0484375 0.084375