0 0.45 0.5984375 0.028125 0.0484375
0 0.46640625 0.596875 0.0359375 0.0546875
0 0.50234375 0.58984375 0.0421875 0.065625
0 0.471875 0.6359375 0.0515625 0.0796875
0 0.54453125 0.6171875 0.04375 0.0640625
0 0.559375 0.65078125 0.059375 0.0859375
0 0.63359375 0.63828125 0.0515625 0.078125
0 0.67578125 0.68046875 0.046875 0.0640625
0 0.06640625 0.52109375 0.0296875 0.040625
0 0.23515625 0.53359375 0.015625 0.021875
0 0.2453125 0.53515625 0.0203125 0.025
0 0.8578125 0.61171875 0.03125 0.04375
0 0.80234375 0.60078125 0.0234375 0.0328125
0 0.50390625 0.5328125 0.0234375 0.0328125
0 0.1375 0.58515625 0.025 0.034375
0 0.37734375 0.6 0.040625 0.0640625
0 0.33046875 0.56640625 0.0328125 0.046875
0 0.28984375 0.56640625 0.0296875 0.04375
0 0.603125 0.609375 0.025 0.0359375