0 0.67890625 0.88359375 0.0375 0.0765625
0 0.93828125 0.87265625 0.040625 0.071875
0 0.99765625 0.9265625 0.0046875 0.0875
0 0.8890625 0.85078125 0.015625 0.025
0 0.62734375 0.928125 0.040625 0.09375
0 0.58671875 0.90859375 0.046875 0.10625
0 0.53828125 0.92265625 0.05625 0.1015625
0 0.42421875 0.9140625 0.034375 0.0703125
0 0.2515625 0.94140625 0.0453125 0.0921875
0 0.28515625 0.87421875 0.0203125 0.0484375
0 0.32734375 0.86015625 0.015625 0.0390625
0 0.36875 0.83203125 0.0203125 0.04375
0 0.29453125 0.77734375 0.015625 0.025
0 0.140625 0.915625 0.028125 0.059375
0 0.1125 0.853125 0.01875 0.0359375
0 0.06328125 0.90078125 0.025 0.0453125
0 0.0546875 0.77109375 0.0171875 0.0359375
0 0.534375 0.78046875 0.0140625 0.028125
0 0.55625 0.78984375 0.0125 0.025
0 0.996875 0.7640625 0.00625 0.03125
0 0.58515625 0.7625 0.015625 0.028125
0 0.34140625 0.853125 0.028125 0.0484375