0 0.51875 0.61640625 0.046875 0.0734375
0 0.21640625 0.6796875 0.0328125 0.0453125
0 0.59140625 0.56171875 0.06875 0.1015625
0 0.5578125 0.57890625 0.0359375 0.0609375
0 0.5390625 0.52265625 0.025 0.0453125
0 0.628125 0.54609375 0.04375 0.0734375
0 0.65234375 0.5578125 0.0421875 0.0671875
0 0.70234375 0.5421875 0.059375 0.0828125
0 0.8328125 0.51328125 0.0546875 0.0859375
0 0.91015625 0.50625 0.034375 0.0578125
0 0.78671875 0.521875 0.03125 0.0453125
0 0.97890625 0.46015625 0.0421875 0.1109375
0 0.08203125 0.70546875 0.0359375 0.053125