0 0.58828125 0.9140625 0.0484375 0.08125
0 0.84296875 0.96171875 0.05 0.0765625
0 0.8 0.92890625 0.01875 0.0265625
0 0.528125 0.9453125 0.053125 0.0984375
0 0.49296875 0.91796875 0.0625 0.1109375
0 0.4421875 0.9203125 0.0703125 0.1078125
0 0.33359375 0.8859375 0.0453125 0.075
0 0.15859375 0.87421875 0.0578125 0.096875
0 0.20625 0.81640625 0.0265625 0.05
0 0.25078125 0.81171875 0.021875 0.040625
0 0.296875 0.79375 0.0265625 0.0453125
0 0.2375 0.72421875 0.01875 0.028125
0 0.05625 0.82421875 0.0375 0.0625
0 0.04375 0.75703125 0.025 0.0375
0 0.0078125 0.6640625 0.015625 0.0375
0 0.4703125 0.78046875 0.01875 0.0296875
0 0.48984375 0.79453125 0.015625 0.0265625
0 0.93046875 0.8703125 0.0203125 0.0328125
0 0.5234375 0.775 0.0203125 0.0296875
0 0.265625 0.80859375 0.034375 0.0515625