0 0.4765625 0.91484375 0.0828125 0.1171875
0 0.371875 0.9109375 0.040625 0.065625
0 0.23984375 0.9453125 0.03125 0.05
0 0.20546875 0.9640625 0.034375 0.053125
0 0.15 0.8671875 0.03125 0.046875
0 0.14453125 0.95546875 0.0640625 0.0890625
0 0.12265625 0.9796875 0.0328125 0.040625
0 0.846875 0.78828125 0.0421875 0.059375
0 0.80078125 0.83125 0.0375 0.0578125
0 0.77421875 0.88203125 0.0421875 0.05625
0 0.65078125 0.8734375 0.04375 0.0703125
0 0.61484375 0.90859375 0.0484375 0.0796875
0 0.9734375 0.81328125 0.053125 0.0859375
0 0.884375 0.853125 0.0578125 0.08125