0 0.4375 0.8421875 0.0125 0.0234375
0 0.571875 0.859375 0.01328125 0.021875
0 0.80859375 0.85703125 0.01796875 0.03828125
0 0.865625 0.86953125 0.02265625 0.03515625
0 0.6734375 0.94765625 0.0421875 0.08984375
0 0.57890625 0.9265625 0.0296875 0.04765625
0 0.53515625 0.94140625 0.021875 0.03359375
0 0.5015625 0.925 0.0234375 0.04140625
0 0.459375 0.91171875 0.0265625 0.05546875
0 0.42265625 0.94140625 0.0234375 0.04296875
0 0.26171875 0.92265625 0.0234375 0.04609375
0 0.290625 0.9359375 0.0203125 0.04140625
0 0.31171875 0.9375 0.02109375 0.04453125
0 0.22109375 0.9234375 0.0171875 0.04140625
0 0.134375 0.93515625 0.021875 0.03671875
0 0.36171875 0.84140625 0.01484375 0.03125