0 0.79765625 0.5375 0.0484375 0.096875
0 0.96796875 0.62421875 0.05 0.090625
0 0.75859375 0.55703125 0.0515625 0.084375
0 0.425 0.53984375 0.034375 0.059375
0 0.30390625 0.5375 0.0296875 0.053125
0 0.3234375 0.5234375 0.0203125 0.0390625
0 0.34921875 0.51875 0.021875 0.0359375
0 0.32265625 0.578125 0.01875 0.0453125
0 0.2421875 0.525 0.0296875 0.05
0 0.16953125 0.51328125 0.0296875 0.053125
0 0.1859375 0.5171875 0.0203125 0.0328125
0 0.20703125 0.49765625 0.01875 0.0375
0 0.13828125 0.5140625 0.021875 0.040625
0 0.084375 0.50234375 0.0203125 0.034375
0 0.05546875 0.50234375 0.021875 0.03125