0 0.46015625 0.5953125 0.0359375 0.0640625
0 0.4078125 0.6375 0.0265625 0.0421875
0 0.56796875 0.628125 0.0265625 0.05
0 0.54453125 0.6234375 0.01875 0.034375
0 0.64765625 0.65390625 0.021875 0.0421875
0 0.17890625 0.6640625 0.01875 0.0328125
0 0.1421875 0.65859375 0.0234375 0.0421875
0 0.08125 0.6015625 0.01875 0.0359375
0 0.87578125 0.58671875 0.0171875 0.028125
0 0.90078125 0.58359375 0.015625 0.028125
0 0.59609375 0.62734375 0.0234375 0.040625
0 0.35546875 0.65078125 0.0203125 0.028125
0 0.3734375 0.640625 0.01875 0.028125
0 0.55546875 0.58125 0.0203125 0.0375