0 0.64140625 0.66640625 0.0390625 0.09296875
0 0.709375 0.7234375 0.03984375 0.08671875
0 0.778125 0.70078125 0.04375 0.06484375
0 0.78046875 0.77734375 0.05 0.1
0 0.8609375 0.76953125 0.04765625 0.103125
0 0.890625 0.70390625 0.04375 0.08984375
0 0.95234375 0.7015625 0.0171875 0.03203125
0 0.97578125 0.69921875 0.02109375 0.03671875
0 0.91328125 0.61171875 0.01484375 0.0296875
0 0.8109375 0.6203125 0.01796875 0.028125
0 0.7734375 0.60234375 0.015625 0.03203125
0 0.4 0.74140625 0.03984375 0.09375
0 0.45390625 0.69140625 0.0328125 0.07109375
0 0.5109375 0.6875 0.03046875 0.04765625
0 0.32734375 0.7109375 0.0484375 0.1125
0 0.365625 0.653125 0.0203125 0.04296875
0 0.4015625 0.6015625 0.0171875 0.03359375
0 0.196875 0.57578125 0.02109375 0.03359375
0 0.134375 0.58671875 0.01328125 0.025
0 0.04609375 0.67265625 0.0234375 0.04296875
0 0.09296875 0.6703125 0.02109375 0.04453125
0 0.0796875 0.72734375 0.04609375 0.08515625
0 0.14375 0.659375 0.01875 0.03203125
0 0.21171875 0.72890625 0.01875 0.03515625
0 0.17890625 0.70078125 0.028125 0.06484375
0 0.146875 0.73671875 0.034375 0.06640625
0 0.13203125 0.5875 0.01328125 0.0234375
0 0.253125 0.675 0.0203125 0.03828125
0 0.57265625 0.58984375 0.01640625 0.03125
0 0.36796875 0.68828125 0.02421875 0.04296875