0 0.228125 0.8125 0.01484375 0.04140625
0 0.20703125 0.80703125 0.01640625 0.03125
0 0.1859375 0.8046875 0.0171875 0.03203125
0 0.40546875 0.73828125 0.00859375 0.0234375
0 0.41171875 0.7375 0.01328125 0.01875
0 0.503125 0.78515625 0.0171875 0.03359375
0 0.4859375 0.82421875 0.01640625 0.025
0 0.459375 0.8125 0.0109375 0.0234375
0 0.43046875 0.81640625 0.0296875 0.07734375
0 0.19296875 0.9 0.07734375 0.1546875
0 0.69765625 0.82890625 0.01796875 0.04296875
0 0.60390625 0.8140625 0.0234375 0.04453125
0 0.590625 0.74609375 0.01640625 0.03515625
0 0.72578125 0.7515625 0.0171875 0.03125
0 0.790625 0.75859375 0.015625 0.0296875
0 0.87578125 0.81171875 0.03125 0.05859375
0 0.91484375 0.81640625 0.02265625 0.03984375
0 0.94296875 0.796875 0.02890625 0.05390625
0 0.55625 0.8046875 0.01640625 0.03515625