0 0.60859375 0.66640625 0.01875 0.03984375
0 0.50625 0.63203125 0.01015625 0.0203125
0 0.453125 0.6296875 0.0125 0.025
0 0.54921875 0.6875 0.015625 0.03203125
0 0.621875 0.890625 0.02109375 0.04609375
0 0.7234375 0.69609375 0.02265625 0.04609375
0 0.6953125 0.684375 0.02578125 0.06328125
0 0.90546875 0.675 0.0296875 0.05703125
0 0.97578125 0.72890625 0.03359375 0.06328125
0 0.4140625 0.68984375 0.02421875 0.05234375
0 0.18828125 0.72421875 0.04375 0.08515625
0 0.36953125 0.63125 0.01015625 0.021875
0 0.4890625 0.6828125 0.015625 0.03515625
0 0.490625 0.64296875 0.01015625 0.0171875
0 0.45078125 0.68515625 0.0171875 0.028125
0 0.321875 0.69296875 0.015625 0.03125
0 0.8 0.67890625 0.04140625 0.08671875