0 0.4484375 0.58984375 0.02890625 0.06171875
0 0.39140625 0.625 0.021875 0.03984375
0 0.5515625 0.63515625 0.02109375 0.04765625
0 0.52890625 0.628125 0.0140625 0.03359375
0 0.628125 0.67109375 0.0171875 0.03984375
0 0.16171875 0.6234375 0.01484375 0.03125
0 0.12578125 0.6140625 0.01796875 0.03984375
0 0.071875 0.55 0.0140625 0.03515625
0 0.8625 0.63203125 0.0140625 0.0265625
0 0.8875 0.63203125 0.0125 0.0265625
0 0.5796875 0.63828125 0.01875 0.03828125
0 0.33828125 0.63203125 0.01796875 0.0265625
0 0.35703125 0.62421875 0.015625 0.0265625
0 0.5453125 0.5875 0.01640625 0.03515625