0 0.47734375 0.6078125 0.0171875 0.04609375
0 0.49296875 0.60234375 0.02421875 0.05078125
0 0.52578125 0.5859375 0.028125 0.06015625
0 0.5078125 0.63828125 0.034375 0.07265625
0 0.5734375 0.6015625 0.02890625 0.05859375
0 0.59609375 0.63046875 0.03984375 0.07890625
0 0.66484375 0.59921875 0.03359375 0.07265625
0 0.71640625 0.62890625 0.0328125 0.05703125
0 0.08671875 0.6328125 0.02109375 0.03671875
0 0.253125 0.60078125 0.01015625 0.0203125
0 0.26328125 0.6 0.01484375 0.021875
0 0.87421875 0.515625 0.02109375 0.03984375
0 0.81796875 0.51953125 0.01640625 0.0296875
0 0.5125 0.53046875 0.015625 0.0296875
0 0.171875 0.67578125 0.0171875 0.03125
0 0.40703125 0.628125 0.0265625 0.05859375
0 0.353125 0.6078125 0.021875 0.04296875
0 0.3140625 0.61875 0.0203125 0.03984375
0 0.628125 0.57890625 0.01640625 0.03359375