0 0.20859375 0.8671875 0.0875 0.1375
0 0.45546875 0.75546875 0.0484375 0.0828125
0 0.721875 0.69609375 0.0328125 0.0484375
0 0.828125 0.6640625 0.0578125 0.103125
0 0.8734375 0.66484375 0.0421875 0.0609375
0 0.96875 0.625 0.0625 0.109375
0 0.9484375 0.6265625 0.028125 0.0421875
0 0.85 0.60859375 0.0234375 0.03125
0 0.78125 0.61796875 0.0203125 0.034375
0 0.63203125 0.6875 0.034375 0.0484375
0 0.6265625 0.6546875 0.0203125 0.0328125
0 0.5875 0.71328125 0.0203125 0.0296875
0 0.60390625 0.72421875 0.025 0.0390625
0 0.5671875 0.725 0.021875 0.028125
0 0.490625 0.671875 0.0140625 0.0234375
0 0.359375 0.70078125 0.0171875 0.0203125
0 0.46015625 0.6734375 0.0171875 0.0234375
0 0.5046875 0.68203125 0.0140625 0.0234375
0 0.425 0.7625 0.0234375 0.0375
0 0.5 0.72890625 0.0265625 0.0359375
0 0.321875 0.78125 0.025 0.040625
0 0.29765625 0.77890625 0.021875 0.0375
0 0.08984375 0.8515625 0.0265625 0.04375
0 0.1265625 0.84140625 0.0328125 0.04375
0 0.10859375 0.8484375 0.0203125 0.0296875