0 0.178125 0.76015625 0.021875 0.04375
0 0.1578125 0.7515625 0.021875 0.034375
0 0.1375 0.7453125 0.021875 0.034375
0 0.365625 0.71796875 0.0125 0.025
0 0.371875 0.71875 0.015625 0.0203125
0 0.45390625 0.78125 0.0234375 0.0359375
0 0.4296875 0.8171875 0.0203125 0.028125
0 0.40546875 0.80078125 0.0140625 0.025
0 0.3765625 0.79921875 0.0421875 0.08125
0 0.128125 0.840625 0.103125 0.165625
0 0.6375 0.85859375 0.025 0.0453125
0 0.54765625 0.82734375 0.03125 0.0484375
0 0.546875 0.7578125 0.021875 0.0375
0 0.67890625 0.78671875 0.021875 0.034375
0 0.74140625 0.80546875 0.0203125 0.03125
0 0.815625 0.871875 0.040625 0.0625
0 0.85390625 0.88359375 0.0296875 0.04375
0 0.884375 0.86953125 0.0375 0.0578125
0 0.50234375 0.81015625 0.021875 0.0375