0 0.93359375 0.66484375 0.1046875 0.1390625
0 0.56953125 0.8296875 0.0609375 0.103125
0 0.11953125 0.803125 0.08125 0.15
0 0.18203125 0.71640625 0.0265625 0.06171875
0 0.42890625 0.72734375 0.02265625 0.06015625
0 0.4609375 0.69609375 0.0453125 0.09296875
0 0.61640625 0.80078125 0.04140625 0.0953125
0 0.6125 0.73203125 0.028125 0.04140625
0 0.7015625 0.69296875 0.03125 0.07109375
0 0.28984375 0.87578125 0.07734375 0.15625
0 0.7828125 0.753125 0.02109375 0.04921875
0 0.80703125 0.74296875 0.02421875 0.05078125
0 0.8484375 0.7234375 0.0203125 0.03671875