0 0.025 0.80859375 0.05 0.3234375
0 0.56171875 0.5375 0.0671875 0.14375
0 0.63984375 0.484375 0.0296875 0.0796875
0 0.3390625 0.509375 0.0203125 0.046875
0 0.35546875 0.51171875 0.015625 0.034375
0 0.37578125 0.5078125 0.0171875 0.0328125
0 0.27890625 0.50078125 0.015625 0.0375
0 0.29609375 0.5109375 0.015625 0.0328125
0 0.2625 0.51796875 0.021875 0.04375
0 0.20625 0.51640625 0.01875 0.0375
0 0.2171875 0.50859375 0.0109375 0.0265625
0 0.15546875 0.5171875 0.0171875 0.025
0 0.17890625 0.51484375 0.0140625 0.03125
0 0.13671875 0.525 0.01875 0.028125
0 0.7421875 0.45078125 0.053125 0.1140625
0 0.8203125 0.41796875 0.065625 0.1359375