0 0.7984375 0.64453125 0.071875 0.121875
0 0.7515625 0.5921875 0.0421875 0.0640625
0 0.815625 0.58515625 0.0546875 0.0859375
0 0.790625 0.5125 0.0203125 0.0265625
0 0.8265625 0.503125 0.0234375 0.0390625
0 0.853125 0.51640625 0.0234375 0.034375
0 0.27265625 0.57734375 0.0234375 0.0390625
0 0.1171875 0.6140625 0.0234375 0.034375
0 0.2734375 0.69296875 0.05625 0.1078125
0 0.2984375 0.69296875 0.034375 0.059375
0 0.3171875 0.66484375 0.021875 0.0375
0 0.43203125 0.6578125 0.040625 0.075
0 0.56796875 0.6015625 0.053125 0.096875
0 0.69765625 0.6140625 0.046875 0.084375
0 0.66640625 0.6171875 0.0390625 0.0515625
0 0.11171875 0.73828125 0.0453125 0.075
0 0.0796875 0.7078125 0.0234375 0.0328125
0 0.540625 0.64453125 0.034375 0.0578125