0 0.94453125 0.61875 0.1109375 0.15
0 0.60390625 0.8203125 0.071875 0.109375
0 0.153125 0.84140625 0.096875 0.1578125
0 0.20625 0.7484375 0.0328125 0.0640625
0 0.453125 0.73359375 0.028125 0.0625
0 0.48203125 0.69921875 0.0546875 0.096875
0 0.646875 0.78671875 0.0515625 0.0984375
0 0.6359375 0.71875 0.0328125 0.04375
0 0.7203125 0.67109375 0.0390625 0.0734375
0 0.33046875 0.8953125 0.09375 0.1640625
0 0.8078125 0.721875 0.0265625 0.0515625
0 0.83046875 0.709375 0.0296875 0.053125
0 0.86953125 0.6859375 0.0234375 0.0390625