0 0.06953125 0.43203125 0.0296875 0.05625
0 0.3515625 0.6265625 0.0359375 0.0671875
0 0.5390625 0.6328125 0.04375 0.078125
0 0.5875 0.67109375 0.0359375 0.078125
0 0.6234375 0.6546875 0.0265625 0.046875
0 0.76640625 0.66796875 0.0453125 0.08125
0 0.79765625 0.60234375 0.0265625 0.0453125
0 0.8828125 0.65625 0.0390625 0.0703125
0 0.97109375 0.7015625 0.0328125 0.08125
0 0.66875 0.65 0.0296875 0.0515625
0 0.503125 0.65 0.0125 0.025
0 0.4265625 0.609375 0.04375 0.0734375
0 0.45546875 0.5796875 0.040625 0.0765625
0 0.88515625 0.59296875 0.0390625 0.0625