0 0.71875 0.67578125 0.05703125 0.1171875
0 0.94765625 0.65234375 0.08359375 0.16796875
0 0.88203125 0.528125 0.04765625 0.08984375
0 0.63984375 0.6234375 0.02421875 0.06171875
0 0.61171875 0.62890625 0.02265625 0.04453125
0 0.584375 0.634375 0.028125 0.05546875
0 0.5609375 0.6234375 0.02109375 0.03671875
0 0.54375 0.678125 0.02578125 0.06328125
0 0.5140625 0.65234375 0.02578125 0.05390625
0 0.46640625 0.6734375 0.02578125 0.05078125
0 0.44453125 0.65078125 0.02265625 0.04453125
0 0.403125 0.65625 0.04140625 0.08203125
0 0.334375 0.63984375 0.04453125 0.08203125