0 0.69375 0.56796875 0.0578125 0.0890625
0 0.7984375 0.5546875 0.021875 0.034375
0 0.809375 0.484375 0.0203125 0.03125
0 0.63515625 0.6203125 0.0609375 0.0890625
0 0.58359375 0.59453125 0.0546875 0.08125
0 0.51796875 0.58828125 0.0484375 0.0828125
0 0.475 0.63046875 0.0375 0.0609375
0 0.4359375 0.6296875 0.0453125 0.071875
0 0.43984375 0.5515625 0.01875 0.0296875
0 0.31171875 0.67265625 0.0421875 0.0703125
0 0.2578125 0.6953125 0.0359375 0.05625
0 0.08984375 0.8046875 0.0359375 0.05
0 0.15234375 0.6859375 0.0171875 0.0328125
0 0.17578125 0.69140625 0.0171875 0.028125
0 0.20234375 0.6859375 0.01875 0.0296875
0 0.0875 0.69921875 0.0171875 0.0328125