0 0.11328125 0.765625 0.071875 0.1328125
0 0.3828125 0.73125 0.0390625 0.0796875
0 0.65546875 0.753125 0.028125 0.046875
0 0.765625 0.753125 0.046875 0.1
0 0.809375 0.7671875 0.0359375 0.0578125
0 0.91796875 0.75859375 0.0640625 0.1046875
0 0.8921875 0.75234375 0.0234375 0.040625
0 0.80234375 0.70625 0.0203125 0.0296875
0 0.734375 0.6953125 0.0171875 0.0328125
0 0.57109375 0.71796875 0.028125 0.046875
0 0.57578125 0.684375 0.0171875 0.0328125
0 0.521875 0.7296875 0.0171875 0.0296875
0 0.534375 0.74453125 0.0203125 0.0375
0 0.4984375 0.73515625 0.01875 0.0265625
0 0.440625 0.66171875 0.0125 0.0234375
0 0.30703125 0.65078125 0.015625 0.01875
0 0.4109375 0.6546875 0.015625 0.0234375
0 0.45078125 0.675 0.0109375 0.021875
0 0.3515625 0.7296875 0.0203125 0.0359375
0 0.4328125 0.71953125 0.0234375 0.034375
0 0.24765625 0.7171875 0.0203125 0.0390625
0 0.225 0.70703125 0.01875 0.0359375
0 0.0078125 0.71640625 0.015625 0.0421875
0 0.04375 0.7171875 0.0296875 0.0421875
0 0.0234375 0.71875 0.0171875 0.0296875