0 0.471875 0.6140625 0.0421875 0.071875
0 0.16875 0.5546875 0.0296875 0.0453125
0 0.559375 0.5921875 0.0609375 0.1
0 0.521875 0.5953125 0.0328125 0.059375
0 0.52734375 0.5359375 0.021875 0.0453125
0 0.6 0.5921875 0.0390625 0.071875
0 0.6171875 0.6125 0.0375 0.065625
0 0.66953125 0.61796875 0.053125 0.0796875
0 0.80078125 0.64296875 0.0484375 0.0828125
0 0.875 0.66640625 0.03125 0.05625
0 0.75546875 0.63203125 0.028125 0.04375
0 0.9640625 0.65390625 0.05 0.1109375
0 0.034375 0.52578125 0.0328125 0.053125