0 0.32890625 0.58828125 0.096875 0.1609375
0 0.4640625 0.72578125 0.04375 0.0796875
0 0.47578125 0.66171875 0.0421875 0.075
0 0.525 0.72734375 0.046875 0.08125
0 0.59140625 0.73359375 0.034375 0.059375
0 0.61171875 0.72421875 0.03125 0.0640625
0 0.64609375 0.7453125 0.0359375 0.0609375
0 0.6703125 0.7328125 0.04375 0.075
0 0.72109375 0.71015625 0.05 0.09375
0 0.2390625 0.7109375 0.0328125 0.0515625
0 0.9921875 0.62890625 0.015625 0.0578125
0 0.9546875 0.66328125 0.034375 0.0546875
0 0.878125 0.6875 0.034375 0.0578125