0 0.89609375 0.4859375 0.04609375 0.09140625
0 0.84296875 0.52265625 0.046875 0.096875
0 0.48359375 0.5390625 0.040625 0.08515625
0 0.3671875 0.553125 0.034375 0.07890625
0 0.32734375 0.53828125 0.0171875 0.04609375
0 0.29609375 0.55078125 0.02890625 0.07109375
0 0.1859375 0.5546875 0.02890625 0.06640625
0 0.2109375 0.53984375 0.0171875 0.04609375
0 0.22578125 0.5484375 0.01640625 0.04453125
0 0.15078125 0.5390625 0.015625 0.03828125
0 0.11953125 0.5578125 0.02578125 0.05390625
0 0.08125 0.56796875 0.02109375 0.04296875