0 0.02109375 0.7828125 0.0421875 0.325
0 0.56015625 0.540625 0.0734375 0.146875
0 0.640625 0.4921875 0.0328125 0.08125
0 0.33828125 0.5015625 0.021875 0.046875
0 0.3546875 0.50390625 0.0171875 0.034375
0 0.375 0.5015625 0.01875 0.0328125
0 0.27890625 0.4890625 0.0171875 0.0375
0 0.2953125 0.50078125 0.0171875 0.0328125
0 0.26171875 0.50546875 0.025 0.04375
0 0.20546875 0.5015625 0.0203125 0.0375
0 0.2171875 0.49375 0.0125 0.0265625
0 0.1546875 0.49921875 0.01875 0.0265625
0 0.178125 0.49765625 0.015625 0.0328125
0 0.1359375 0.50625 0.0203125 0.0296875
0 0.74453125 0.4640625 0.059375 0.115625
0 0.82421875 0.43515625 0.0734375 0.1390625