0 0.80234375 0.66796875 0.1515625 0.2171875
0 0.86953125 0.61328125 0.059375 0.0875
0 0.96015625 0.6578125 0.0375 0.0671875
0 0.93359375 0.65078125 0.05625 0.08125
0 0.62890625 0.5921875 0.05 0.075
0 0.70859375 0.58046875 0.05625 0.0828125
0 0.49375 0.5515625 0.0421875 0.059375
0 0.57890625 0.5640625 0.0578125 0.0875
0 0.45078125 0.5578125 0.034375 0.0484375
0 0.4640625 0.5109375 0.025 0.0375
0 0.39609375 0.52265625 0.03125 0.0546875
0 0.3640625 0.5125 0.03125 0.0453125
0 0.3328125 0.515625 0.0328125 0.053125
0 0.27421875 0.50859375 0.04375 0.0578125
0 0.2328125 0.4734375 0.0625 0.090625
0 0.24609375 0.50859375 0.0296875 0.04375