0 0.13671875 0.615625 0.0328125 0.0546875
0 0.37109375 0.67421875 0.0421875 0.0609375
0 0.6 0.6203125 0.028125 0.046875
0 0.5296875 0.6265625 0.034375 0.053125
0 0.55 0.625 0.0234375 0.040625
0 0.865625 0.55703125 0.0578125 0.090625
0 0.946875 0.54921875 0.0546875 0.071875
0 0.97421875 0.45703125 0.01875 0.028125
0 0.83828125 0.57578125 0.0375 0.0640625
0 0.77890625 0.5109375 0.0359375 0.053125
0 0.77109375 0.571875 0.0453125 0.0609375
0 0.4203125 0.63515625 0.04375 0.071875
0 0.46953125 0.59140625 0.0484375 0.078125
0 0.7140625 0.5859375 0.0453125 0.0625
0 0.73125 0.53203125 0.0296875 0.040625