0 0.8734375 0.771875 0.04609375 0.08671875
0 0.92109375 0.846875 0.04375 0.1046875
0 0.97734375 0.83359375 0.0453125 0.096875
0 0.95546875 0.75859375 0.02890625 0.06328125
0 0.984375 0.74921875 0.03125 0.0765625
0 0.91484375 0.7609375 0.01796875 0.03671875
0 0.79453125 0.78828125 0.0390625 0.07734375
0 0.7453125 0.7296875 0.03359375 0.06171875
0 0.571875 0.65625 0.0171875 0.03125
0 0.55 0.6765625 0.01875 0.03203125
0 0.48984375 0.746875 0.01796875 0.03125
0 0.52578125 0.76328125 0.03203125 0.07265625
0 0.509375 0.8203125 0.03984375 0.08828125
0 0.5515625 0.74765625 0.01640625 0.0296875
0 0.36171875 0.72109375 0.0203125 0.04453125
0 0.37578125 0.79453125 0.03359375 0.07734375
0 0.46171875 0.8015625 0.04453125 0.109375
0 0.271875 0.80234375 0.02265625 0.04921875
0 0.259375 0.7453125 0.01875 0.03984375
0 0.33046875 0.7421875 0.0234375 0.03984375
0 0.2046875 0.81953125 0.03359375 0.07421875
0 0.15390625 0.8203125 0.034375 0.09140625
0 0.1859375 0.75078125 0.0171875 0.03203125
0 0.21015625 0.75625 0.0203125 0.03125
0 0.0875 0.6546875 0.01484375 0.03125
0 0.0625 0.73203125 0.02109375 0.03828125
0 0.0140625 0.7453125 0.028125 0.046875
0 0.07890625 0.76796875 0.0296875 0.04765625
0 0.12890625 0.73515625 0.0203125 0.04453125
0 0.2828125 0.7546875 0.01875 0.03125
0 0.59140625 0.76328125 0.0328125 0.06015625