0 0.14921875 0.87421875 0.02265625 0.06015625
0 0.10234375 0.88203125 0.021875 0.04453125
0 0.0890625 0.8828125 0.0203125 0.04609375
0 0.05625 0.87890625 0.02421875 0.03828125
0 0.02578125 0.878125 0.021875 0.03671875
0 0.13359375 0.8875 0.021875 0.04921875
0 0.4203125 0.88125 0.025 0.05546875
0 0.36328125 0.88359375 0.01640625 0.03515625
0 0.2734375 0.87265625 0.015625 0.0296875
0 0.29609375 0.87734375 0.0171875 0.03203125
0 0.70078125 0.85546875 0.028125 0.05390625
0 0.8078125 0.75546875 0.0171875 0.03828125
0 0.9515625 0.87890625 0.03125 0.05703125
0 0.98515625 0.88125 0.0296875 0.0625
0 0.8984375 0.86328125 0.0453125 0.07890625
0 0.81875 0.86171875 0.0296875 0.05078125
0 0.778125 0.86640625 0.028125 0.05078125
0 0.75078125 0.86953125 0.0375 0.05390625
0 0.6265625 0.8484375 0.02109375 0.04296875