0 0.4734375 0.846875 0.015625 0.025
0 0.609375 0.85 0.015625 0.0234375
0 0.84453125 0.82265625 0.021875 0.040625
0 0.90234375 0.82890625 0.0265625 0.0375
0 0.71953125 0.92734375 0.0515625 0.09375
0 0.6234375 0.915625 0.034375 0.05
0 0.58125 0.93515625 0.025 0.0359375
0 0.54609375 0.92265625 0.028125 0.04375
0 0.50234375 0.9140625 0.0328125 0.0578125
0 0.46953125 0.946875 0.028125 0.0453125
0 0.30703125 0.9453125 0.028125 0.0484375
0 0.3375 0.95546875 0.025 0.04375
0 0.35859375 0.9546875 0.025 0.046875
0 0.2671875 0.95 0.021875 0.04375
0 0.18203125 0.97109375 0.025 0.0390625
0 0.3984375 0.85390625 0.01875 0.0328125