0 0.88828125 0.5140625 0.1703125 0.340625
0 0.5515625 0.4171875 0.0359375 0.0734375
0 0.59453125 0.46171875 0.021875 0.046875
0 0.57421875 0.440625 0.0265625 0.046875
0 0.3359375 0.4859375 0.025 0.0484375
0 0.3859375 0.4984375 0.021875 0.0453125
0 0.40625 0.478125 0.0140625 0.028125
0 0.4203125 0.48671875 0.0125 0.0234375
0 0.19609375 0.49609375 0.03125 0.053125
0 0.0453125 0.43984375 0.0296875 0.0546875
0 0.3015625 0.490625 0.0171875 0.0296875
0 0.6140625 0.48984375 0.0265625 0.0484375
1 0.203125 0.809375 0.05625 0.0828125