0 0.13828125 0.7984375 0.06171875 0.128125
0 0.403125 0.740625 0.0328125 0.07734375
0 0.6765625 0.73828125 0.02421875 0.04453125
0 0.78671875 0.72890625 0.03828125 0.096875
0 0.83125 0.7390625 0.03125 0.05546875
0 0.9390625 0.72109375 0.05625 0.1
0 0.9125 0.7171875 0.0203125 0.03828125
0 0.81953125 0.67890625 0.0171875 0.028125
0 0.75078125 0.67421875 0.01484375 0.03125
0 0.58984375 0.7109375 0.025 0.04453125
0 0.59140625 0.67734375 0.0140625 0.03125
0 0.54140625 0.7265625 0.0140625 0.028125
0 0.55546875 0.740625 0.0171875 0.03671875
0 0.51875 0.734375 0.0171875 0.025
0 0.4546875 0.66640625 0.01015625 0.021875
0 0.32109375 0.6671875 0.0140625 0.0171875
0 0.425 0.66171875 0.01328125 0.021875
0 0.46640625 0.67890625 0.009375 0.021875
0 0.371875 0.74140625 0.0171875 0.03515625
0 0.45234375 0.72421875 0.0203125 0.03203125
0 0.2671875 0.73828125 0.0171875 0.03828125
0 0.24375 0.73046875 0.015625 0.03515625
0 0.02578125 0.75859375 0.01796875 0.04140625
0 0.0640625 0.75625 0.02578125 0.03984375
0 0.04453125 0.759375 0.0140625 0.028125