0 0.1203125 0.5640625 0.02109375 0.03828125
0 0.28203125 0.6328125 0.02421875 0.05234375
0 0.4328125 0.58828125 0.02890625 0.06484375
0 0.66015625 0.58203125 0.0265625 0.03671875
0 0.5984375 0.6328125 0.02109375 0.04921875
0 0.62734375 0.62734375 0.02109375 0.04765625
0 0.66953125 0.64765625 0.02109375 0.04453125
0 0.69375 0.64375 0.028125 0.05859375
0 0.7375 0.65078125 0.02578125 0.06015625
0 0.78359375 0.69609375 0.028125 0.03984375
0 0.9609375 0.58125 0.0296875 0.05390625
0 0.94375 0.65078125 0.0125 0.0296875
0 0.92578125 0.6421875 0.01328125 0.03125
0 0.76953125 0.634375 0.01328125 0.028125
0 0.7859375 0.64453125 0.01328125 0.0234375
0 0.79609375 0.62734375 0.01484375 0.0234375