0 0.53203125 0.853125 0.0140625 0.021875
0 0.48203125 0.8546875 0.01328125 0.025
0 0.49609375 0.8734375 0.0109375 0.025
0 0.71640625 0.86484375 0.01796875 0.0265625
0 0.62578125 0.84921875 0.0171875 0.03203125
0 0.81015625 0.9140625 0.028125 0.06640625
0 0.75625 0.9875 0.0171875 0.025
0 0.70546875 0.98671875 0.0171875 0.0265625
0 0.63984375 0.95234375 0.028125 0.06484375
0 0.6 0.92421875 0.03203125 0.05859375
0 0.5796875 0.965625 0.025 0.04453125
0 0.56953125 0.93203125 0.01875 0.04296875
0 0.5515625 0.96015625 0.02890625 0.06171875
0 0.4921875 0.959375 0.02109375 0.05390625
0 0.41171875 0.95078125 0.02109375 0.04609375
0 0.42734375 0.9578125 0.0203125 0.03203125
0 0.37578125 0.94140625 0.02109375 0.04609375
0 0.3359375 0.9296875 0.0171875 0.03515625
0 0.215625 0.94375 0.01875 0.03828125
0 0.1171875 0.96875 0.02109375 0.05078125
0 0.071875 0.97890625 0.02109375 0.04140625
0 0.96328125 0.88203125 0.01875 0.04140625
0 0.8640625 0.85859375 0.01875 0.04453125