0 0.6984375 0.725 0.0515625 0.09375
0 0.65 0.71484375 0.0375 0.0796875
0 0.63125 0.809375 0.075 0.15
0 0.5734375 0.753125 0.034375 0.06875
0 0.50078125 0.753125 0.021875 0.0515625
0 0.47890625 0.74140625 0.0328125 0.0609375
0 0.39609375 0.7296875 0.0265625 0.0546875
0 0.3 0.78984375 0.071875 0.1484375
0 0.13828125 0.6765625 0.0265625 0.0484375
0 0.16875 0.80078125 0.1171875 0.2609375
0 0.228125 0.68359375 0.025 0.034375
0 0.89765625 0.8484375 0.140625 0.2453125
0 0.77890625 0.7578125 0.01875 0.0375