0 0.3171875 0.56015625 0.0734375 0.1515625
0 0.42890625 0.7171875 0.03203125 0.07578125
0 0.45078125 0.65625 0.03125 0.07109375
0 0.4890625 0.728125 0.0359375 0.07734375
0 0.55390625 0.7453125 0.02578125 0.05546875
0 0.575 0.7390625 0.021875 0.06171875
0 0.60625 0.76484375 0.028125 0.05703125
0 0.63203125 0.75625 0.0328125 0.07109375
0 0.68515625 0.7421875 0.03671875 0.08984375
0 0.209375 0.6671875 0.025 0.04765625
0 0.975 0.70625 0.0265625 0.05390625
0 0.9234375 0.73203125 0.0265625 0.05078125
0 0.84375 0.74453125 0.02578125 0.05390625