0 0.834375 0.58984375 0.10625 0.19765625
0 0.8859375 0.5203125 0.040625 0.08046875
0 0.984375 0.5421875 0.02265625 0.06328125
0 0.95703125 0.54140625 0.0390625 0.07421875
0 0.64765625 0.5578125 0.03359375 0.06953125
0 0.721875 0.52734375 0.0390625 0.07578125
0 0.50625 0.5515625 0.03046875 0.05390625
0 0.5921875 0.54296875 0.0390625 0.08046875
0 0.46640625 0.56796875 0.025 0.04296875
0 0.46796875 0.51953125 0.0171875 0.03515625
0 0.4046875 0.546875 0.0203125 0.05078125
0 0.37109375 0.5453125 0.021875 0.04140625
0 0.34140625 0.55546875 0.02109375 0.04921875
0 0.2828125 0.56328125 0.03125 0.05234375
0 0.234375 0.5390625 0.04375 0.08203125
0 0.25546875 0.56953125 0.02109375 0.03984375