0 0.13125 0.61015625 0.025 0.040625
0 0.3 0.65859375 0.0296875 0.0546875
0 0.44375 0.59609375 0.0359375 0.0671875
0 0.66875 0.56171875 0.03125 0.0390625
0 0.6140625 0.61953125 0.0265625 0.0515625
0 0.6421875 0.6109375 0.0265625 0.05
0 0.6859375 0.62578125 0.0265625 0.046875
0 0.71015625 0.61875 0.034375 0.0609375
0 0.75390625 0.62109375 0.0328125 0.0625
0 0.80546875 0.66015625 0.0328125 0.04375
0 0.9671875 0.52421875 0.0359375 0.0578125
0 0.95859375 0.5953125 0.015625 0.03125
0 0.93984375 0.5890625 0.0171875 0.0328125
0 0.78359375 0.60078125 0.0171875 0.0296875
0 0.8015625 0.60859375 0.015625 0.025
0 0.809375 0.590625 0.0171875 0.025