0 0.48984375 0.6171875 0.03203125 0.06796875
0 0.18125 0.60546875 0.02421875 0.04140625
0 0.5734375 0.58203125 0.04765625 0.09296875
0 0.53671875 0.590625 0.0234375 0.05703125
0 0.5328125 0.53125 0.015625 0.04296875
0 0.61328125 0.57578125 0.02890625 0.06796875
0 0.63359375 0.59296875 0.028125 0.06171875
0 0.6859375 0.58984375 0.0421875 0.07421875
0 0.81953125 0.59375 0.0359375 0.07890625
0 0.89609375 0.60546875 0.02265625 0.05390625
0 0.77265625 0.590625 0.021875 0.04140625
0 0.9828125 0.5796875 0.03359375 0.10625
0 0.04453125 0.5984375 0.025 0.04921875