0 0.1421875 0.60546875 0.0796875 0.1328125
0 0.2921875 0.7890625 0.0375 0.06875
0 0.24453125 0.784375 0.03125 0.0578125
0 0.228125 0.78046875 0.025 0.0421875
0 0.19453125 0.7671875 0.03125 0.0546875
0 0.47109375 0.81484375 0.0234375 0.0453125
0 0.48359375 0.81484375 0.025 0.0359375
0 0.5625 0.821875 0.0359375 0.0640625
0 0.621875 0.8046875 0.025 0.040625
0 0.7390625 0.803125 0.0296875 0.0421875
0 0.71640625 0.77265625 0.021875 0.040625
0 0.7609375 0.8109375 0.0203125 0.0359375
0 0.90546875 0.83359375 0.04375 0.06875
0 0.87578125 0.84453125 0.04375 0.06875
0 0.83125 0.86875 0.028125 0.0453125
0 0.01171875 0.69453125 0.0234375 0.0484375
0 0.409375 0.79921875 0.0265625 0.040625
0 0.53046875 0.80859375 0.0234375 0.0453125