0 0.11953125 0.52421875 0.021875 0.05078125
0 0.3328125 0.6375 0.02890625 0.05546875
0 0.56796875 0.640625 0.01875 0.04296875
0 0.4984375 0.6296875 0.0234375 0.04921875
0 0.51796875 0.63359375 0.01484375 0.03828125
0 0.840625 0.64375 0.0390625 0.08359375
0 0.921875 0.65625 0.03984375 0.06484375
0 0.9703125 0.57265625 0.01328125 0.025
0 0.81015625 0.65546875 0.0234375 0.06015625
0 0.76796875 0.578125 0.02578125 0.04765625
0 0.74609375 0.63515625 0.03359375 0.05390625
0 0.38984375 0.61171875 0.02890625 0.06640625
0 0.4484375 0.58125 0.03125 0.07265625
0 0.68671875 0.63515625 0.03203125 0.05703125
0 0.71640625 0.58671875 0.02109375 0.03671875