0 0.91875 0.6953125 0.0625 0.09375
0 0.97421875 0.76015625 0.0515625 0.1109375
0 0.9875 0.66640625 0.025 0.0671875
0 0.95703125 0.67734375 0.025 0.0390625
0 0.84375 0.7265625 0.053125 0.0828125
0 0.784375 0.67890625 0.0453125 0.0671875
0 0.6 0.63984375 0.0234375 0.034375
0 0.5828125 0.6640625 0.025 0.034375
0 0.5375 0.74453125 0.0234375 0.034375
0 0.57578125 0.75390625 0.0453125 0.078125
0 0.5703125 0.8125 0.05625 0.09375
0 0.59765625 0.73359375 0.021875 0.0328125
0 0.40625 0.74375 0.028125 0.046875
0 0.434375 0.8125 0.0484375 0.0828125
0 0.5203125 0.803125 0.0640625 0.115625
0 0.33359375 0.840625 0.03125 0.053125
0 0.3109375 0.78671875 0.0265625 0.0421875
0 0.3796875 0.7703125 0.03125 0.04375
0 0.27109375 0.8703125 0.046875 0.0796875
0 0.22109375 0.88046875 0.0515625 0.096875
0 0.23984375 0.80625 0.0234375 0.034375
0 0.2640625 0.80703125 0.0265625 0.034375
0 0.12421875 0.73046875 0.0203125 0.0328125
0 0.11484375 0.8109375 0.028125 0.0421875
0 0.06953125 0.83359375 0.0359375 0.0515625
0 0.1375 0.84375 0.0375 0.053125
0 0.18046875 0.8015625 0.028125 0.046875
0 0.33515625 0.79140625 0.025 0.034375
0 0.63984375 0.740625 0.04375 0.065625