0 0.82734375 0.61328125 0.1203125 0.2046875
0 0.88359375 0.546875 0.046875 0.0828125
0 0.98046875 0.57578125 0.0265625 0.0640625
0 0.953125 0.5734375 0.04375 0.0765625
0 0.64296875 0.56796875 0.0390625 0.071875
0 0.71953125 0.54296875 0.04375 0.078125
0 0.50234375 0.5515625 0.034375 0.05625
0 0.5890625 0.54921875 0.0453125 0.0828125
0 0.46171875 0.565625 0.028125 0.0453125
0 0.46640625 0.5171875 0.0203125 0.0359375
0 0.4015625 0.53984375 0.0234375 0.0515625
0 0.36796875 0.5359375 0.025 0.0421875
0 0.33828125 0.54453125 0.025 0.05
0 0.27890625 0.54765625 0.034375 0.0546875
0 0.23203125 0.5203125 0.05 0.084375
0 0.2515625 0.55234375 0.0234375 0.040625