0 0.765625 0.69921875 0.0546875 0.115625
0 0.7296875 0.63828125 0.034375 0.059375
0 0.79375 0.64453125 0.0421875 0.08125
0 0.78359375 0.5671875 0.0171875 0.0234375
0 0.8203125 0.565625 0.01875 0.0375
0 0.84375 0.58359375 0.01875 0.03125
0 0.26171875 0.5328125 0.01875 0.0375
0 0.10234375 0.5390625 0.01875 0.03125
0 0.24140625 0.64609375 0.040625 0.103125
0 0.265625 0.65078125 0.0265625 0.05625
0 0.2890625 0.6265625 0.0171875 0.0359375
0 0.403125 0.6421875 0.0296875 0.071875
0 0.546875 0.6125 0.040625 0.0921875
0 0.67265625 0.65 0.034375 0.08125
0 0.64140625 0.646875 0.03125 0.0484375
0 0.0734375 0.66015625 0.0359375 0.0703125
0 0.04765625 0.62421875 0.01875 0.0296875
0 0.5125 0.64921875 0.0265625 0.0546875