0 0.91171875 0.71015625 0.059375 0.0921875
0 0.9703125 0.7765625 0.059375 0.1109375
0 0.98515625 0.68359375 0.0296875 0.0671875
0 0.95078125 0.69296875 0.0234375 0.0390625
0 0.8359375 0.73828125 0.05 0.0828125
0 0.778125 0.68828125 0.0421875 0.065625
0 0.5953125 0.64296875 0.021875 0.0328125
0 0.57734375 0.66640625 0.0234375 0.034375
0 0.52890625 0.7453125 0.021875 0.034375
0 0.56640625 0.75625 0.04375 0.0765625
0 0.559375 0.81484375 0.053125 0.09375
0 0.58984375 0.73671875 0.0203125 0.03125
0 0.39765625 0.73984375 0.0265625 0.046875
0 0.4234375 0.81015625 0.0453125 0.08125
0 0.509375 0.80390625 0.0609375 0.115625
0 0.321875 0.834375 0.0296875 0.0515625
0 0.30078125 0.7796875 0.025 0.0421875
0 0.3703125 0.765625 0.0296875 0.04375
0 0.25859375 0.86171875 0.0453125 0.078125
0 0.20859375 0.8703125 0.0484375 0.0953125
0 0.22890625 0.796875 0.021875 0.034375
0 0.25390625 0.7984375 0.025 0.034375
0 0.11640625 0.7171875 0.0203125 0.0328125
0 0.10390625 0.79765625 0.0265625 0.040625
0 0.05859375 0.81796875 0.034375 0.05
0 0.12578125 0.83046875 0.0375 0.0515625
0 0.1703125 0.790625 0.0265625 0.046875
0 0.325 0.78515625 0.0234375 0.034375
0 0.63125 0.74609375 0.0421875 0.0640625