0 0.42734375 0.71171875 0.0765625 0.1390625
0 0.22578125 0.88125 0.08515625 0.1484375
0 0.06171875 0.765625 0.0375 0.07734375
0 0.6390625 0.7953125 0.03671875 0.09375
0 0.66484375 0.71953125 0.04921875 0.121875
0 0.7671875 0.9203125 0.08359375 0.159375
0 0.75703125 0.74765625 0.0125 0.04453125
0 0.8 0.76328125 0.0203125 0.04765625
0 0.81796875 0.75390625 0.0234375 0.04765625
0 0.73203125 0.7875 0.025 0.04765625
0 0.71484375 0.753125 0.01640625 0.03984375
0 0.5234375 0.78359375 0.04140625 0.08359375