0 0.571875 0.68515625 0.0265625 0.0421875
0 0.47890625 0.63046875 0.0140625 0.021875
0 0.42734375 0.6171875 0.0171875 0.0265625
0 0.509375 0.69375 0.021875 0.034375
0 0.53828125 0.9078125 0.0296875 0.05
0 0.678125 0.73828125 0.03125 0.05
0 0.65234375 0.72109375 0.0390625 0.0671875
0 0.86015625 0.75546875 0.040625 0.0625
0 0.91796875 0.82265625 0.0453125 0.06875
0 0.3765625 0.66796875 0.034375 0.05625
0 0.1484375 0.6546875 0.0609375 0.0921875
0 0.3453125 0.6015625 0.0140625 0.0234375
0 0.4515625 0.6765625 0.021875 0.0375
0 0.4609375 0.63828125 0.0140625 0.01875
0 0.41328125 0.67109375 0.0234375 0.03125
0 0.2859375 0.6515625 0.021875 0.034375
0 0.75625 0.7375 0.0578125 0.09375