0 0.859375 0.72890625 0.225 0.34375
0 0.934375 0.5203125 0.0578125 0.0765625
0 0.73359375 0.5359375 0.0328125 0.040625
0 0.68046875 0.5546875 0.028125 0.046875
0 0.67421875 0.578125 0.0390625 0.0578125
0 0.6359375 0.55390625 0.028125 0.046875
0 0.68203125 0.4890625 0.01875 0.028125
0 0.94296875 0.42109375 0.01875 0.028125
0 0.97421875 0.4109375 0.0296875 0.0359375
0 0.6171875 0.59296875 0.0328125 0.05
0 0.54296875 0.59375 0.0203125 0.0375
0 0.140625 0.66875 0.0234375 0.034375
0 0.053125 0.68984375 0.025 0.0390625