0 0.4109375 0.9640625 0.0375 0.06953125
0 0.47890625 0.97265625 0.01875 0.05390625
0 0.575 0.97421875 0.0296875 0.05078125
0 0.88984375 0.9609375 0.0390625 0.06953125
0 0.278125 0.97109375 0.01640625 0.04765625
0 0.23671875 0.96875 0.01640625 0.03828125
0 0.209375 0.9484375 0.03046875 0.06015625
0 0.18203125 0.94296875 0.0203125 0.04296875
0 0.12421875 0.9734375 0.021875 0.03671875
0 0.07734375 0.9671875 0.02890625 0.06328125
0 0.0109375 0.9 0.021875 0.046875
0 0.275 0.8796875 0.01328125 0.03125
0 0.31484375 0.95625 0.02109375 0.03515625