0 0.55625 0.85 0.015625 0.0234375
0 0.50703125 0.8546875 0.015625 0.0265625
0 0.521875 0.87265625 0.0125 0.025
0 0.74140625 0.84921875 0.0203125 0.028125
0 0.65 0.83984375 0.01875 0.0328125
0 0.83828125 0.89140625 0.0328125 0.06875
0 0.78984375 0.96875 0.01875 0.0265625
0 0.7390625 0.97109375 0.01875 0.028125
0 0.67109375 0.94140625 0.0328125 0.0671875
0 0.6296875 0.91640625 0.0359375 0.0609375
0 0.61171875 0.95859375 0.028125 0.046875
0 0.59921875 0.92578125 0.021875 0.04375
0 0.58359375 0.95546875 0.0328125 0.0640625
0 0.52421875 0.95859375 0.025 0.0546875
0 0.44375 0.95546875 0.025 0.046875
0 0.459375 0.96171875 0.021875 0.0328125
0 0.40703125 0.94921875 0.025 0.046875
0 0.36640625 0.93984375 0.0203125 0.0359375
0 0.24765625 0.9625 0.021875 0.0390625
0 0.15 0.984375 0.025 0.03125
0 0.10546875 0.99296875 0.0234375 0.0140625
0 0.9890625 0.8484375 0.021875 0.0421875
0 0.88828125 0.83203125 0.021875 0.0453125