0 0.76875 0.69453125 0.053125 0.1140625
0 0.73203125 0.634375 0.0328125 0.05859375
0 0.79609375 0.6390625 0.04140625 0.08046875
0 0.784375 0.5625 0.0171875 0.0234375
0 0.82109375 0.56015625 0.01796875 0.03671875
0 0.8453125 0.57734375 0.01875 0.03125
0 0.2625 0.53671875 0.01796875 0.03671875
0 0.103125 0.54609375 0.01796875 0.03125
0 0.24375 0.65078125 0.03828125 0.103125
0 0.26796875 0.6546875 0.02578125 0.05546875
0 0.29140625 0.63046875 0.01640625 0.03515625
0 0.40546875 0.64375 0.02890625 0.07109375
0 0.54921875 0.61171875 0.03828125 0.09140625
0 0.675 0.646875 0.0328125 0.08046875
0 0.64375 0.64453125 0.03046875 0.04765625
0 0.0765625 0.6671875 0.034375 0.06953125
0 0.05 0.63203125 0.01796875 0.0296875
0 0.51484375 0.64921875 0.02578125 0.05390625