0 0.27421875 0.84765625 0.0203125 0.04375
0 0.25234375 0.84453125 0.0203125 0.0328125
0 0.23125 0.8453125 0.021875 0.034375
0 0.43984375 0.74921875 0.0125 0.025
0 0.4453125 0.74765625 0.015625 0.0203125
0 0.54296875 0.78203125 0.021875 0.0359375
0 0.53125 0.82265625 0.0203125 0.0265625
0 0.503125 0.81484375 0.0140625 0.025
0 0.475 0.82265625 0.040625 0.08125
0 0.25078125 0.928125 0.0984375 0.14375
0 0.74140625 0.7984375 0.0234375 0.0453125
0 0.646875 0.796875 0.0296875 0.046875
0 0.62421875 0.73125 0.021875 0.0375
0 0.75859375 0.71796875 0.021875 0.0328125
0 0.8234375 0.715625 0.0203125 0.03125
0 0.915625 0.75625 0.0390625 0.0625
0 0.9546875 0.75546875 0.028125 0.0421875
0 0.9796875 0.73203125 0.0359375 0.0578125
0 0.5984375 0.79375 0.021875 0.0375