0 0.0265625 0.8171875 0.053125 0.32265625
0 0.5625 0.53671875 0.0640625 0.1421875
0 0.63984375 0.48203125 0.028125 0.07890625
0 0.3390625 0.5125 0.01875 0.04609375
0 0.35546875 0.5140625 0.01484375 0.03359375
0 0.37578125 0.51015625 0.01640625 0.03203125
0 0.27890625 0.5046875 0.01484375 0.03671875
0 0.29609375 0.51484375 0.015625 0.03203125
0 0.2625 0.521875 0.021875 0.04296875
0 0.20625 0.521875 0.01796875 0.03671875
0 0.2171875 0.51328125 0.0109375 0.0265625
0 0.15546875 0.5234375 0.0171875 0.025
0 0.17890625 0.5203125 0.01328125 0.03125
0 0.1375 0.53125 0.01796875 0.028125
0 0.74140625 0.446875 0.0515625 0.1125
0 0.81875 0.4125 0.0640625 0.134375