0 0.31484375 0.55390625 0.078125 0.1546875
0 0.42109375 0.71484375 0.034375 0.0765625
0 0.4453125 0.6546875 0.034375 0.071875
0 0.48125 0.72734375 0.0390625 0.078125
0 0.5453125 0.746875 0.028125 0.05625
0 0.56640625 0.74140625 0.0234375 0.0625
0 0.596875 0.76875 0.0296875 0.0578125
0 0.62265625 0.7609375 0.0359375 0.071875
0 0.6765625 0.7484375 0.0390625 0.090625
0 0.20390625 0.65703125 0.0265625 0.0484375
0 0.9671875 0.72265625 0.028125 0.0546875
0 0.91484375 0.746875 0.028125 0.0515625
0 0.83515625 0.75625 0.028125 0.0546875