0 0.065625 0.46171875 0.0265625 0.0546875
0 0.3609375 0.63671875 0.03125 0.065625
0 0.5484375 0.6296875 0.0390625 0.0765625
0 0.59921875 0.6640625 0.03125 0.0765625
0 0.634375 0.6453125 0.0234375 0.0453125
0 0.77734375 0.64921875 0.0390625 0.0796875
0 0.80390625 0.58125 0.0234375 0.04375
0 0.89296875 0.62890625 0.034375 0.06875
0 0.98359375 0.66796875 0.028125 0.0796875
0 0.67890625 0.6375 0.0265625 0.05
0 0.5140625 0.64921875 0.0109375 0.0234375
0 0.434375 0.61484375 0.0390625 0.071875
0 0.4609375 0.5828125 0.0359375 0.075
0 0.89140625 0.56640625 0.0359375 0.0609375