0 0.471875 0.6 0.04375 0.0671875
0 0.425 0.64765625 0.03125 0.04375
0 0.5828125 0.61875 0.03125 0.0515625
0 0.559375 0.6171875 0.021875 0.0359375
0 0.665625 0.63515625 0.0265625 0.0421875
0 0.2015625 0.7015625 0.021875 0.034375
0 0.16484375 0.7015625 0.0265625 0.04375
0 0.096875 0.65234375 0.021875 0.0375
0 0.88359375 0.540625 0.0203125 0.0296875
0 0.9078125 0.534375 0.01875 0.028125
0 0.6109375 0.61484375 0.028125 0.0421875
0 0.375 0.6671875 0.0234375 0.0296875
0 0.39140625 0.65546875 0.021875 0.0296875
0 0.56484375 0.57421875 0.025 0.0375