0 0.44375 0.84296875 0.0125 0.0234375
0 0.578125 0.8578125 0.0140625 0.021875
0 0.81484375 0.8515625 0.01875 0.0390625
0 0.871875 0.86328125 0.0234375 0.0359375
0 0.68125 0.94453125 0.04375 0.090625
0 0.58671875 0.925 0.03125 0.0484375
0 0.54296875 0.940625 0.021875 0.034375
0 0.50859375 0.925 0.0234375 0.0421875
0 0.46640625 0.9125 0.028125 0.05625
0 0.43046875 0.94296875 0.0234375 0.04375
0 0.26875 0.9265625 0.025 0.046875
0 0.2984375 0.93984375 0.0203125 0.0421875
0 0.31953125 0.940625 0.021875 0.0453125
0 0.22890625 0.928125 0.0171875 0.0421875
0 0.1421875 0.94140625 0.021875 0.0375
0 0.36796875 0.84375 0.015625 0.03125